Valeurs obtenues pour le cas de L allant de 5 à 100 ua par pas de 2ua

  format :
    L/aucm
    (tau_WD, tau_RG, tau)

5.0
(2.1307737075583821, 0.032621300853285976, 2.1633950084116682)
7.02127659574
(2.1308154723169452, 0.047445731490638403, 2.1782612038075837)
9.04255319149
(2.1308154723169452, 0.06157405589839076, 2.1923895282153358)
11.0638297872
(2.1308154723169452, 0.073490637757148744, 2.2043061100740942)
13.085106383
(2.1308154723169452, 0.082106805916782821, 2.2129222782337279)
15.1063829787
(2.1308154723169452, 0.08730469821547239, 2.2181201705324178)
17.1276595745
(2.1308154723169452, 0.089873559687874319, 2.2206890320048194)
19.1489361702
(2.1308154723169452, 0.090909795179065639, 2.2217252674960108)
21.170212766
(2.1308154723169452, 0.091244137182316443, 2.2220596094992615)
23.1914893617
(2.1308154723169452, 0.091327631868469678, 2.2221431041854149)
25.2127659574
(2.1308154723169452, 0.091339939131576495, 2.2221554114485218)
27.2340425532
(2.1308154723169452, 0.091339939131576495, 2.2221554114485218)
29.2553191489
(2.1308154723169452, 0.091339939131576495, 2.2221554114485218)
31.2765957447
(2.1308154723169452, 0.091339939131576495, 2.2221554114485218)
33.2978723404
(2.1308154723169452, 0.091339939131576495, 2.2221554114485218)
35.3191489362
(2.1308154723169452, 0.091339939131576495, 2.2221554114485218)
37.3404255319
(2.1308154723169452, 0.091339939131576495, 2.2221554114485218)
39.3617021277
(2.1308154723169452, 0.091339939131576495, 2.2221554114485218)
41.3829787234
(2.1308154723169452, 0.091339939131576495, 2.2221554114485218)
43.4042553191
(2.1308154723169452, 0.091339939131576495, 2.2221554114485218)
45.4255319149
(2.1308154723169452, 0.091339939131576495, 2.2221554114485218)
47.4468085106
(2.1308154723169452, 0.091339939131576495, 2.2221554114485218)
49.4680851064
(2.1308154723169452, 0.091339939131576495, 2.2221554114485218)
51.4893617021
(2.1308154723169452, 0.091339939131576495, 2.2221554114485218)
53.5106382979
(2.1308154723169452, 0.091339939131576495, 2.2221554114485218)
55.5319148936
(2.1308154723169452, 0.091339939131576495, 2.2221554114485218)
57.5531914894
(2.1308154723169452, 0.091339939131576495, 2.2221554114485218)
59.5744680851
(2.1308154723169452, 0.091339939131576495, 2.2221554114485218)
61.5957446809
(2.1308154723169452, 0.091339939131576495, 2.2221554114485218)
63.6170212766
(2.1308154723169452, 0.091339939131576495, 2.2221554114485218)
65.6382978723
(2.1308154723169452, 0.091339939131576495, 2.2221554114485218)
67.6595744681
(2.1308154723169452, 0.091339939131576495, 2.2221554114485218)
69.6808510638
(2.1308154723169452, 0.091339939131576495, 2.2221554114485218)
71.7021276596
(2.1308154723169452, 0.091339939131576495, 2.2221554114485218)
73.7234042553
(2.1308154723169452, 0.091339939131576495, 2.2221554114485218)
75.7446808511
(2.1308154723169452, 0.091339939131576495, 2.2221554114485218)
77.7659574468
(2.1308154723169452, 0.091339939131576495, 2.2221554114485218)
79.7872340426
(2.1308154723169452, 0.091339939131576495, 2.2221554114485218)
81.8085106383
(2.1308154723169452, 0.091339939131576495, 2.2221554114485218)
83.829787234
(2.1308154723169452, 0.091339939131576495, 2.2221554114485218)
85.8510638298
(2.1308154723169452, 0.091339939131576495, 2.2221554114485218)
87.8723404255
(2.1308154723169452, 0.091339939131576495, 2.2221554114485218)
89.8936170213
(2.1308154723169452, 0.091339939131576495, 2.2221554114485218)
91.914893617
(2.1308154723169452, 0.091339939131576495, 2.2221554114485218)
93.9361702128
(2.1308154723169452, 0.091339939131576495, 2.2221554114485218)
95.9574468085
(2.1308154723169452, 0.091339939131576495, 2.2221554114485218)
97.9787234043
(2.1308154723169452, 0.091339939131576495, 2.2221554114485218)
100.0
(2.1308154723169452, 0.091339939131576495, 2.2221554114485218)
